yzField:E: Abs(E)^2 vs position, x=3.30872e-24(m), lambda=3.65634e-07(m) 

y(nm)(113,1)
 -5.000000000000e+02
 -4.910714285714e+02
 -4.821428571429e+02
 -4.732142857143e+02
 -4.642857142857e+02
 -4.553571428571e+02
 -4.464285714286e+02
 -4.375000000000e+02
 -4.285714285714e+02
 -4.196428571429e+02
 -4.107142857143e+02
 -4.017857142857e+02
 -3.928571428571e+02
 -3.839285714286e+02
 -3.750000000000e+02
 -3.660714285714e+02
 -3.571428571429e+02
 -3.482142857143e+02
 -3.392857142857e+02
 -3.303571428571e+02
 -3.214285714286e+02
 -3.125000000000e+02
 -3.035714285714e+02
 -2.946428571429e+02
 -2.857142857143e+02
 -2.767857142857e+02
 -2.678571428571e+02
 -2.589285714286e+02
 -2.500000000000e+02
 -2.410714285714e+02
 -2.321428571429e+02
 -2.232142857143e+02
 -2.142857142857e+02
 -2.053571428571e+02
 -1.964285714286e+02
 -1.875000000000e+02
 -1.785714285714e+02
 -1.696428571429e+02
 -1.607142857143e+02
 -1.517857142857e+02
 -1.428571428571e+02
 -1.339285714286e+02
 -1.250000000000e+02
 -1.160714285714e+02
 -1.071428571429e+02
 -9.821428571429e+01
 -8.928571428571e+01
 -8.035714285714e+01
 -7.142857142857e+01
 -6.250000000000e+01
 -5.357142857143e+01
 -4.464285714286e+01
 -3.571428571429e+01
 -2.678571428571e+01
 -1.785714285714e+01
 -8.928571428571e+00
 3.308722450212e-15
 8.928571428571e+00
 1.785714285714e+01
 2.678571428571e+01
 3.571428571429e+01
 4.464285714286e+01
 5.357142857143e+01
 6.250000000000e+01
 7.142857142857e+01
 8.035714285714e+01
 8.928571428571e+01
 9.821428571429e+01
 1.071428571429e+02
 1.160714285714e+02
 1.250000000000e+02
 1.339285714286e+02
 1.428571428571e+02
 1.517857142857e+02
 1.607142857143e+02
 1.696428571429e+02
 1.785714285714e+02
 1.875000000000e+02
 1.964285714286e+02
 2.053571428571e+02
 2.142857142857e+02
 2.232142857143e+02
 2.321428571429e+02
 2.410714285714e+02
 2.500000000000e+02
 2.589285714286e+02
 2.678571428571e+02
 2.767857142857e+02
 2.857142857143e+02
 2.946428571429e+02
 3.035714285714e+02
 3.125000000000e+02
 3.214285714286e+02
 3.303571428571e+02
 3.392857142857e+02
 3.482142857143e+02
 3.571428571429e+02
 3.660714285714e+02
 3.750000000000e+02
 3.839285714286e+02
 3.928571428571e+02
 4.017857142857e+02
 4.107142857143e+02
 4.196428571429e+02
 4.285714285714e+02
 4.375000000000e+02
 4.464285714286e+02
 4.553571428571e+02
 4.642857142857e+02
 4.732142857143e+02
 4.821428571429e+02
 4.910714285714e+02
 5.000000000000e+02

z(nm)(33,1)
 -1.763361711214e+02
 -1.637773146708e+02
 -1.527032022409e+02
 -1.429383031361e+02
 -1.336081756246e+02
 -1.249977108917e+02
 -1.163872461588e+02
 -1.077767814259e+02
 -9.916631669300e+01
 -9.055585196011e+01
 -8.194538722721e+01
 -7.333492249432e+01
 -6.472445776142e+01
 -5.611399302853e+01
 -4.750352829563e+01
 -3.889306356274e+01
 -3.028259882984e+01
 -2.167213409695e+01
 -1.306166936405e+01
 -4.451204631158e+00
 4.159260101737e+00
 1.276972483463e+01
 2.138018956753e+01
 2.999065430042e+01
 3.860111903332e+01
 4.995637020722e+01
 6.312338378144e+01
 7.809838608647e+01
 9.784701961305e+01
 1.175956531396e+02
 1.373442866662e+02
 1.570929201928e+02
 1.768415537194e+02

yzField:E: Abs(E)^2 vs position, x=3.30872e-24(m), lambda=3.65634e-07(m) (113,33)
 1.477616027261e-02 1.137259863438e-02 9.322581922062e-03 9.223056486827e-03 1.193232510445e-02 1.792916644749e-02 1.023616229628e-02 1.147735430884e-02 1.313812218352e-02 2.320914550686e-02 9.438255381862e-02 2.409576719302e-02 3.024143298966e-02 5.312705429541e-02 1.084835799611e-01 1.215969111011e+00 1.336662174885e+01 1.311694087262e+00 2.610145012847e+00 3.192630556810e+00 1.144729140854e+00 1.085438912619e+00 2.912209818661e+00 1.475054234403e+00 1.331168711523e+00 1.595119626301e+00 2.020303463603e+00 2.426219499467e+00 2.622735606533e+00 2.330831017955e+00 1.655690800625e+00 8.748248096834e-01 3.155047284262e-01
 1.488228273147e-02 1.108074917024e-02 8.543628994213e-03 8.080556157529e-03 1.197073139129e-02 2.823026830776e-02 1.627429918345e-02 4.272991305401e-02 2.623323770802e-02 1.117267651163e-01 1.172105096977e-01 3.969128469077e-02 1.565157681915e-02 1.557929297576e-02 5.001260520652e-02 3.668384631169e-01 3.128231692071e+00 2.857535018233e+00 1.386364936251e+00 1.815507236041e+00 1.051554170455e+00 2.414652847232e+00 1.624440821425e+00 1.297569934588e+00 1.335031510648e+00 1.634907577781e+00 2.066957784674e+00 2.473142008605e+00 2.664062577691e+00 2.361761221615e+00 1.673731312031e+00 8.801020094917e-01 3.107381999088e-01
 1.522829935302e-02 1.123790211519e-02 8.344183508381e-03 7.209472877343e-03 9.626892519301e-03 2.388792311067e-02 1.248161135179e-01 1.550074879237e-01 1.323986237232e-01 1.021020654814e-01 1.239424243210e-01 1.658042823301e-02 3.708993339954e-02 7.297624843564e-02 2.789396334147e-01 2.379086331550e-01 6.564661848987e-01 9.671173409616e-01 2.016253485025e+00 2.793090016891e+00 2.876252757583e+00 1.553273969270e+00 1.202472377787e+00 1.163694122169e+00 1.314037626043e+00 1.657465760395e+00 2.102198571098e+00 2.511207925168e+00 2.698726966256e+00 2.388058258418e+00 1.689014024196e+00 8.842097383304e-01 3.059967283700e-01
 1.566519701686e-02 1.170367658350e-02 8.647802793941e-03 6.804311121111e-03 6.438263919438e-03 9.799060950850e-03 5.481539492077e-02 1.800851207592e-01 5.395350897874e-02 1.329246635051e-01 7.986009521456e-02 6.670856741888e-02 1.627913708036e-01 8.752339975591e-02 1.046916483263e-01 2.232223508525e-01 2.180802847965e-01 4.794258841176e-01 9.419213342767e-01 1.370144218157e+00 1.398294761261e+00 1.077579302438e+00 9.981222865183e-01 1.088553418717e+00 1.296561766293e+00 1.669301017231e+00 2.126083010108e+00 2.539435290187e+00 2.725773555999e+00 2.409022742000e+00 1.701111373581e+00 8.869773502506e-01 3.012927030204e-01
 1.606522570821e-02 1.233782623217e-02 9.398417761680e-03 7.376494654706e-03 5.863283712412e-03 4.522323433709e-03 3.343365969120e-03 1.319608818352e-02 6.464604527766e-03 1.999726311002e-02 3.088458883696e-02 2.509427287659e-02 3.629474875232e-02 9.277076688225e-02 3.360743477599e-02 7.948224453404e-02 1.723789050462e-01 3.866025459349e-01 7.098864058156e-01 9.681384818841e-01 1.004171161619e+00 9.106391756431e-01 9.290790774598e-01 1.057105975818e+00 1.285039694882e+00 1.672593395438e+00 2.138793329597e+00 2.557294722008e+00 2.744587484868e+00 2.424165333178e+00 1.709730241094e+00 8.882861276053e-01 2.966485722956e-01
 1.633470427978e-02 1.299128178003e-02 1.038038562093e-02 8.753683967254e-03 8.348367072756e-03 1.010300699468e-02 5.311301032028e-03 6.052800790452e-03 5.498134148814e-03 7.871206451181e-03 5.678226722837e-03 4.253248154104e-02 1.277915176386e-02 1.478658037823e-02 4.579110029500e-02 8.063189992559e-02 1.776974180897e-01 4.315795933950e-01 9.114252370214e-01 1.065138659469e+00 1.198796621922e+00 9.595375397758e-01 9.944094410540e-01 1.069807201425e+00 1.281370702729e+00 1.668948278298e+00 2.140946862545e+00 2.564792306808e+00 2.754914903219e+00 2.433241446426e+00 1.714709892237e+00 8.880909511120e-01 2.921045589749e-01
 1.643504869814e-02 1.355673015740e-02 1.126682441018e-02 9.767009420430e-03 9.746189780449e-03 1.641251636415e-02 1.085502363855e-02 1.287505579561e-02 1.098529436628e-02 1.557378039873e-02 5.053886937419e-02 1.544469286235e-02 1.486790522869e-02 2.508825013258e-02 7.299553553390e-02 2.891517094577e-01 3.591718563731e-01 7.102882576479e-01 4.195975294240e-01 4.929476027865e-01 6.047576021573e-01 1.190286383734e+00 1.526391910962e+00 1.183236251998e+00 1.299703181670e+00 1.662132149502e+00 2.133960271473e+00 2.562470356112e+00 2.756892931563e+00 2.436253363908e+00 1.716034462549e+00 8.864042902427e-01 2.877166420450e-01
 1.639395629235e-02 1.406811509222e-02 1.220344235390e-02 1.100351713661e-02 1.139292338806e-02 1.860065168359e-02 6.741276515094e-02 5.137086542405e-02 5.978345449411e-02 6.054517927540e-02 5.294078841950e-03 2.384970044271e-02 4.482068355913e-02 4.024321919368e-02 1.393698021811e-01 7.463222847100e-01 3.004645289701e+00 2.777136871041e-01 9.721410754123e-02 9.578478520395e-02 1.129134800285e-01 3.488180440849e-01 1.131109479088e+00 1.679891774377e+00 1.372013743479e+00 1.656861192786e+00 2.119704127416e+00 2.551304382394e+00 2.750992488257e+00 2.433434958525e+00 1.713827289060e+00 8.833190641439e-01 2.835544491293e-01
 1.627728596290e-02 1.459786231832e-02 1.332117321586e-02 1.272060930499e-02 1.382648861693e-02 2.010814489435e-02 4.356491800023e-02 1.279743128665e-01 1.198205460561e-01 3.640780242333e-02 8.184968754966e-03 2.943858327697e-02 2.679391040456e-01 9.751625608970e-02 2.984639819507e-01 2.042925764270e+00 4.695922086438e+00 2.075601628015e-01 1.133679294458e-01 1.232163455142e-01 8.358809321864e-02 1.262958384867e-01 6.647756330913e-01 1.612999639846e+00 1.404911414615e+00 1.647906289659e+00 2.099394120477e+00 2.532444661884e+00 2.737950456649e+00 2.425220431921e+00 1.708356483514e+00 8.789791027598e-01 2.797102341109e-01
 1.615273878864e-02 1.518624958210e-02 1.463243579344e-02 1.496252477940e-02 1.780373626518e-02 2.712679539718e-02 5.323779515999e-02 1.131169717752e-01 1.241652493743e-01 6.950431303086e-02 4.249775414180e-02 4.282701949927e-02 8.156247316919e-02 9.324680961988e-02 2.853931868564e-01 1.921885163356e+00 7.598475108816e-01 1.095677321979e-01 2.000435104394e-01 1.250891971924e-01 9.568249910570e-02 1.144871349369e-01 5.898723179875e-01 1.581584204280e+00 1.405447239915e+00 1.631680262731e+00 2.073654954280e+00 2.506962688257e+00 2.718643044585e+00 2.412204392057e+00 1.699963159528e+00 8.735891158997e-01 2.762835419495e-01
 1.606579602631e-02 1.580417636595e-02 1.597419380303e-02 1.741595297973e-02 2.330616504392e-02 4.165654756662e-02 9.589834969106e-02 2.907669778934e-01 3.738362054466e-01 1.488337514297e-01 7.737013219115e-02 1.945253473843e-02 1.084737043800e-01 1.994113189147e-01 4.586999448282e-01 6.041053972689e-01 2.944938239203e-01 1.150476312499e-01 9.223273047489e-02 1.195214044170e-01 1.018260694593e-01 1.309238614499e-01 9.150819464717e-01 1.910424509572e+00 1.430535455454e+00 1.609333823160e+00 2.042165378095e+00 2.475631753908e+00 2.694004054165e+00 2.395092787052e+00 1.689096242130e+00 8.673895932886e-01 2.733849245356e-01
 1.603946205829e-02 1.637380513455e-02 1.702938368792e-02 1.918782678121e-02 2.839961033938e-02 6.357229705173e-02 2.246689446789e-01 2.354246568248e-01 2.482474357326e-01 3.993254502760e-01 2.217085165043e-01 1.044492592477e-01 8.377102504012e-02 9.979102774257e-02 1.330127297878e-01 1.389842706760e-01 3.010698307927e-01 2.730968894710e-01 2.146451750838e-01 2.609595928636e-01 3.121474277143e-01 8.177689159353e-01 1.837731199995e+00 1.367234621711e+00 1.303909943361e+00 1.563976604976e+00 2.002994362910e+00 2.438936655556e+00 2.664983827767e+00 2.374644426984e+00 1.676250240484e+00 8.606454356046e-01 2.711243820550e-01
 1.609651043296e-02 1.686562648169e-02 1.759127175927e-02 1.908397607699e-02 2.609496663673e-02 5.517049608137e-02 1.851926756825e-01 2.918029866178e-01 3.514087791424e-01 7.596311723057e-01 1.088769479464e+00 5.055526215355e-01 1.786829632138e-01 8.993746542583e-02 1.207442842414e-01 1.153478056663e-01 2.759198476365e-01 1.427443053668e+00 5.050624325013e+00 5.729546927442e+00 4.989367073866e+00 2.509622229893e+00 1.323628468034e+00 1.129000144301e+00 1.206415065461e+00 1.509536432445e+00 1.956309365432e+00 2.397538580032e+00 2.632592874819e+00 2.351679629478e+00 1.661929459820e+00 8.536324496141e-01 2.696138592301e-01
 1.627680732056e-02 1.738888179985e-02 1.806636905409e-02 1.844864795892e-02 2.148213073095e-02 4.071032795384e-02 1.177297462500e-01 2.156388423678e-01 5.320336907426e-01 4.591675254511e-01 7.964181248833e-01 3.113551321285e-01 1.083282346347e-01 6.336297591114e-02 6.857396905914e-01 2.191160289453e-01 2.908441561895e-01 6.249257414606e-01 1.604891179117e+00 2.033367844545e+00 1.954716922045e+00 1.296153584674e+00 1.018480605865e+00 9.912743571889e-01 1.122416290355e+00 1.446536828620e+00 1.902869397295e+00 2.352575798189e+00 2.597963806652e+00 2.327031830752e+00 1.646663880119e+00 8.466203621044e-01 2.689505064694e-01
 1.661082989961e-02 1.809587508002e-02 1.915907890243e-02 2.000115512446e-02 2.515041515351e-02 6.817273378514e-02 3.266283842659e-02 2.592604255811e-02 4.920152544229e-02 3.190224474515e-01 2.477854340252e-01 7.715223247623e-02 6.142749447482e-02 7.269625211824e-02 1.790394932761e-01 2.122056129747e-01 4.389078268476e-01 5.380827290359e-01 8.805273309064e-01 1.492169589636e+00 1.571765253069e+00 1.191497925442e+00 9.505826975363e-01 9.168810546016e-01 1.047103961558e+00 1.378078667189e+00 1.845362811080e+00 2.305944278307e+00 2.562379351199e+00 2.301526376513e+00 1.630940915412e+00 8.398635322385e-01 2.692194700528e-01
 1.708199578219e-02 1.900625733796e-02 2.133891109768e-02 2.785406169371e-02 8.208778982051e-02 1.043800051820e-01 3.164194955605e-02 2.024856893269e-02 1.978827932702e-02 6.847278132158e-02 1.049707625109e-01 5.653579464175e-02 5.265158496370e-02 7.134329906072e-02 1.202461606022e-01 2.839243781993e-01 6.947017992839e-01 1.079526282913e+00 1.818590287942e+00 5.030256467120e+00 4.493461838127e+00 2.083672623760e+00 1.194933132972e+00 9.327118219719e-01 9.936528199766e-01 1.311937646660e+00 1.788339660344e+00 2.260190728519e+00 2.527200052255e+00 2.275956581829e+00 1.615219386134e+00 8.335824483050e-01 2.704873953894e-01
 1.760942624723e-02 1.986073229545e-02 2.377292374151e-02 3.896313178298e-02 1.710306479989e-01 4.882573815616e-02 5.559176721429e-02 3.014032909347e-02 2.206941330853e-02 8.498075008805e-02 7.227256102707e-02 6.293089005842e-02 6.009741298211e-02 7.926271664685e-02 1.392979357148e-01 5.441572359941e-01 2.988026741146e+00 2.006765224471e+00 4.900661878832e+00 1.457325893198e+01 7.573427971201e+00 4.896785925164e+00 1.894017734063e+00 1.056845633599e+00 9.689863540097e-01 1.255362181144e+00 1.736889201729e+00 2.218053360822e+00 2.493717010246e+00 2.251013222797e+00 1.599876391313e+00 8.279595493278e-01 2.727994422794e-01
 1.808779349925e-02 2.014415912404e-02 2.338301223176e-02 3.191248340909e-02 6.647084189331e-02 2.306864417979e-01 7.355963447533e-02 5.619590876780e-02 3.448124858503e-02 1.661992233748e-01 7.307538876945e-01 1.428447776517e-01 7.370572487715e-02 8.171503554019e-02 1.413872501886e-01 3.505325895013e-01 1.298567490642e+00 2.911363993880e+00 1.297274451116e+01 1.304270022644e+01 1.084394040175e+01 7.165696439597e+00 2.490674365885e+00 1.149366329178e+00 9.468819157893e-01 1.210475844119e+00 1.695103439127e+00 2.181842105063e+00 2.462967476564e+00 2.227233382360e+00 1.585218124964e+00 8.231335700355e-01 2.761762448308e-01
 1.850927354841e-02 1.998196632565e-02 2.180679523445e-02 2.553598259888e-02 3.681989500319e-02 7.320489303821e-02 1.792595867738e-01 2.116862393670e-01 1.858500051629e-01 1.003520411801e-01 1.269274589559e-01 1.431420593681e-01 8.985147145054e-02 2.345790576506e-01 6.064762724207e-01 3.509036606813e-01 1.179092020760e+00 3.470451871187e+00 1.607234033976e+01 1.468880966843e+01 1.051119508386e+01 7.565487161895e+00 2.287918897866e+00 1.067134559616e+00 9.024691332391e-01 1.177389013538e+00 1.665286866858e+00 2.152866104305e+00 2.435559468272e+00 2.204959063146e+00 1.571443925856e+00 8.191913590611e-01 2.806139628127e-01
 1.893960803713e-02 1.971083888158e-02 2.016358296593e-02 2.082969363543e-02 2.424903435431e-02 3.836726802892e-02 9.264691635282e-02 7.394615203163e-02 5.569422952748e-02 7.604001134403e-02 6.774002073889e-02 2.335653777998e-01 2.942557776299e-01 9.185470326931e-01 1.071342272092e+00 1.286644731369e+00 9.723185040914e-01 2.292924721776e+00 6.993284795549e+00 7.044900881253e+00 5.892767707459e+00 2.862572764026e+00 1.338312822491e+00 8.385694971652e-01 8.390332045398e-01 1.156375120067e+00 1.647510574712e+00 2.131141149702e+00 2.411564258127e+00 2.184318550587e+00 1.558660637402e+00 8.161759068577e-01 2.860815026301e-01
 1.946261369029e-02 1.969757622430e-02 1.950588293627e-02 1.949164133353e-02 2.447820196685e-02 5.179349699830e-02 2.036159113130e-02 4.201999919381e-02 4.032037514196e-02 4.308188438385e-02 3.444883210597e-01 2.968220561756e-01 2.536182971829e-01 9.172312249017e-02 1.661301506171e+00 1.485535047427e+00 8.165902058675e-01 1.195917329746e+00 1.984247462060e+00 2.110805010214e+00 1.783754611779e+00 1.169556410834e+00 7.800725625365e-01 6.785458970717e-01 8.005764933098e-01 1.151257022378e+00 1.640201965793e+00 2.115504580687e+00 2.390594130798e+00 2.165245150902e+00 1.546893422933e+00 8.140807480373e-01 2.925320261487e-01
 2.011093989911e-02 2.011670722498e-02 2.044767522720e-02 2.255761682757e-02 3.241585716486e-02 6.464715971833e-02 2.376335245799e-02 2.532911046896e-02 2.761069769178e-02 1.774767052484e-01 4.071698450300e-01 6.236578785472e-01 5.741624674341e-02 5.888055233268e-02 3.113611278649e-01 3.038425989199e-01 7.976147685739e-01 8.707989531256e-01 1.250848502162e+00 2.231907747012e+00 1.428292816329e+00 7.717225423108e-01 5.979173447380e-01 6.247969272948e-01 7.967089800387e-01 1.158999086959e+00 1.639675043514e+00 2.103947516327e+00 2.371921180123e+00 2.147541067258e+00 1.536080079719e+00 8.128636824792e-01 2.998869102098e-01
 2.082379983567e-02 2.069269946052e-02 2.214885405531e-02 2.891627174004e-02 5.432936559480e-02 1.492955270957e-01 3.688755032921e-02 3.239589671504e-02 4.380580592443e-02 4.156031733111e-02 3.391613540850e-01 3.623807762931e-01 3.460921586812e-01 9.468414942351e-02 2.666248578446e-01 6.553807328700e-01 7.385250110806e-01 1.552956520737e+00 1.679102841082e+00 8.946498755680e-01 1.421776199728e+00 1.199507389679e+00 6.497568695160e-01 6.425269326009e-01 8.141688930679e-01 1.171857040205e+00 1.641358237225e+00 2.094216800534e+00 2.354719166764e+00 2.130925409854e+00 1.526134414108e+00 8.124466869386e-01 3.080525320506e-01
 2.151414232036e-02 2.091222760451e-02 2.219650368373e-02 2.845197122012e-02 4.699437733654e-02 8.881746273052e-02 1.576439308973e-01 6.960947185206e-02 7.163402558725e-02 1.005170007225e-01 1.525547129430e-01 6.900639185676e-01 5.603057712684e-01 7.498582742465e-01 9.988819134609e-01 9.435447240049e-01 2.908163197874e+00 5.925314833058e-01 2.438808758887e-01 5.248873822411e-01 2.716055197265e-01 3.534136730090e-01 7.842170653356e-01 6.872110366494e-01 8.350307334954e-01 1.181975449979e+00 1.641318054538e+00 2.084404737407e+00 2.338238590915e+00 2.115121355080e+00 1.516926102929e+00 8.127327476081e-01 3.169104949704e-01
 2.219170745392e-02 2.078643967265e-02 2.092340522405e-02 2.473624282888e-02 3.596013122116e-02 5.819698692299e-02 9.315531545325e-02 1.579009571885e-01 1.370193952794e-01 1.032677744385e-01 1.573364506702e-01 3.957389061177e-01 1.218328332843e+00 1.267566864760e+00 1.610581202710e+00 3.314905505398e+00 8.208408038134e-01 7.990248740485e-01 2.775364178187e-01 1.457723262303e-01 9.926305387506e-02 9.310359362691e-02 3.478445179474e-01 7.955948553220e-01 8.528623660941e-01 1.185075436664e+00 1.637434620984e+00 2.073369925303e+00 2.321960426819e+00 2.099896760386e+00 1.508324669007e+00 8.135955516814e-01 3.263305238138e-01
 2.293947651010e-02 2.060785593527e-02 1.928286849390e-02 2.055993428224e-02 2.684068915130e-02 4.038774578843e-02 6.323614932530e-02 9.355188025732e-02 1.097212915983e-01 1.451240665676e-01 2.830863875091e-01 6.850405690920e-01 7.584260398611e-01 5.980425445719e-01 6.130327148747e-01 8.959979094189e-01 6.923146980777e-01 1.523738360801e-01 1.147301953236e-01 7.856967222315e-02 6.654994931050e-02 6.739991015498e-02 1.986663668316e-01 6.579916285853e-01 8.335328007762e-01 1.179324088432e+00 1.629581715570e+00 2.060841764751e+00 2.305654183484e+00 2.085085347192e+00 1.500202590129e+00 8.149050490082e-01 3.361554552220e-01
 2.384489022224e-02 2.067850111615e-02 1.799617916061e-02 1.706664075695e-02 1.968680112218e-02 2.806723014483e-02 4.489633775243e-02 7.187888831242e-02 1.022428959835e-01 1.872804927458e-01 5.245734192571e-01 1.457092029368e+00 7.137176850309e-01 5.120770029947e-01 6.384843238981e-01 1.492848022499e+00 4.389153603689e-01 3.068610454646e-01 1.172647090405e-01 6.458701605394e-02 6.242089812213e-02 9.407774203706e-02 3.891575448856e-01 6.329063282235e-01 8.248105172607e-01 1.171119808236e+00 1.619395126423e+00 2.047298451901e+00 2.289339796983e+00 2.070590612460e+00 1.492434831301e+00 8.165111130468e-01 3.462231123414e-01
 2.494666844045e-02 2.118597778412e-02 1.751639656066e-02 1.493729180195e-02 1.463554190274e-02 1.834290524484e-02 2.751612303107e-02 4.167668750204e-02 8.007375512342e-02 2.416233061320e-01 9.555143348780e-01 3.411741840392e-01 1.764714338781e-01 9.436821181052e-02 1.776753958684e-01 2.654190253882e-01 8.289160870603e-01 1.911811565697e-01 1.775703107488e-01 4.932418014650e-02 4.346646878303e-02 7.980942505180e-02 3.182766240201e-01 7.009592868580e-01 8.171665284246e-01 1.161463172055e+00 1.608535802615e+00 2.033523208415e+00 2.273157344371e+00 2.056372265839e+00 1.484909209194e+00 8.182610560768e-01 3.563504493529e-01
 2.621052834350e-02 2.214382291316e-02 1.800431573289e-02 1.473080902686e-02 1.315167777093e-02 1.417238908954e-02 1.805879636842e-02 2.856632170723e-02 8.254492553432e-02 4.977655836900e-01 4.239080491163e-01 1.588409872013e-01 4.049742005871e-02 1.131354165877e-02 2.695498875402e-02 1.091359535905e-01 1.209854715346e-01 1.215707530918e-01 1.890773959015e+00 5.010049864465e-01 1.930095063927e-01 2.475810802535e-01 5.280623029622e-01 6.039880577278e-01 7.989192009240e-01 1.152952221066e+00 1.598590213098e+00 2.020291555015e+00 2.257304538979e+00 2.042385197367e+00 1.477513629337e+00 8.199935221525e-01 3.663451689410e-01
 2.754465623091e-02 2.337844163152e-02 1.912001657584e-02 1.596480683758e-02 1.531142530347e-02 1.881477254069e-02 2.665291824688e-02 3.694986986297e-02 7.878241240415e-02 4.809334984537e-01 4.157896222369e-01 8.169613263119e-01 1.180022827766e-01 1.600082412373e-02 3.010955706673e-02 1.407432330543e-01 2.907010166791e-01 1.705722917809e+00 1.070036559726e+00 1.205411170342e+00 6.179051440142e-01 5.141822946948e-01 4.787951849231e-01 5.877155734304e-01 7.896936904653e-01 1.145947358774e+00 1.590002057105e+00 2.007988982789e+00 2.241866197659e+00 2.028586242377e+00 1.470127625904e+00 8.215465589598e-01 3.760119926712e-01
 2.886029447089e-02 2.468726326492e-02 2.036122454483e-02 1.761268547705e-02 1.973852412529e-02 3.282274372217e-02 6.304604712551e-02 1.042883995456e-01 1.211384092219e-01 1.918871045592e-01 8.710223862049e-01 3.167104784170e-01 1.748371845812e-01 1.401451246844e-01 2.684644047600e-01 3.700209135771e-01 1.078781775071e+00 3.654014395236e-01 3.857318955320e-01 2.431044318776e-01 1.041759181409e-01 1.684091986288e-01 4.993202889949e-01 5.784556918008e-01 7.750735574579e-01 1.137467211381e+00 1.582339996254e+00 1.996602261255e+00 2.226806588054e+00 2.014895879295e+00 1.462642484786e+00 8.227562158452e-01 3.851492065630e-01
 3.012599664560e-02 2.599145608740e-02 2.142513408673e-02 1.890403362382e-02 2.602088654934e-02 6.291323784934e-02 1.634428554731e-01 7.037469127836e-02 1.043523745244e-01 2.274364344859e-01 3.717748286407e-01 1.312835706802e+00 7.846802133192e-01 8.180229611354e-01 1.162185545422e+00 1.770850797157e+00 4.869171810514e-01 1.171057720971e-01 7.562092169480e-02 5.816190604702e-02 4.826036523046e-02 9.704566914469e-02 1.620550375680e-01 5.664924759876e-01 7.583340780762e-01 1.128548678555e+00 1.575613622822e+00 1.985921493463e+00 2.211976187123e+00 2.001202755735e+00 1.454938127026e+00 8.234736471295e-01 3.935600598085e-01
 3.137842520522e-02 2.739762836738e-02 2.234700764583e-02 1.915511214644e-02 3.200132611873e-02 1.073895704011e-01 1.410918736082e-02 1.401986136345e-02 1.836526187931e-02 9.931598619995e-02 1.556187613411e-01 4.560257741673e-01 8.722372389415e-01 9.724259150514e-01 1.757611578514e+00 1.072594317885e+00 4.439169587422e-01 1.040219166449e-01 5.063867595721e-02 3.044723828703e-02 3.152779425255e-02 5.303216162655e-02 7.391793564781e-02 4.505731642780e-01 8.220267939620e-01 1.126862390427e+00 1.570549276637e+00 1.975636600626e+00 2.197142041366e+00 1.987394545916e+00 1.446926376863e+00 8.235605995086e-01 4.010629115717e-01
 3.268426839375e-02 2.918390681856e-02 2.380192747792e-02 1.918379589064e-02 6.914257343627e-02 3.135928815259e-02 4.177860751822e-02 1.592392721024e-02 1.648183184413e-02 4.290893404837e-02 9.764128031855e-02 2.108540785995e-01 5.697464524079e-01 6.710998051097e-01 3.814813277494e+00 1.156961845970e+00 3.493260237881e-01 9.696072299604e-02 5.347496123211e-02 4.293955088310e-02 3.655043030169e-02 5.171186679568e-02 8.003004602888e-02 4.688490457818e-01 7.987383345509e-01 1.127733840944e+00 1.566784093237e+00 1.965274262479e+00 2.182059161771e+00 1.973384226634e+00 1.438537268512e+00 8.229062425733e-01 4.074885483349e-01
 3.405803189544e-02 3.158102825150e-02 2.721371930270e-02 2.245136368034e-02 4.879653362112e-02 6.285629760805e-02 3.110858640908e-02 1.810867789228e-02 2.277656373324e-02 9.075134638374e-02 1.920585602091e-01 3.459588090959e-01 2.056159236516e-01 3.940093500014e-01 2.815049926341e-01 9.303305423529e-01 3.174074054829e-01 1.386375680388e-01 7.424222862308e-02 5.937098193332e-02 4.810776890653e-02 6.258069717900e-02 9.180707206122e-02 4.483978297131e-01 7.372071849078e-01 1.128403331472e+00 1.562980196257e+00 1.954222511311e+00 2.166507329355e+00 1.959121338917e+00 1.429747741431e+00 8.214378697732e-01 4.126951778119e-01
 3.539565355858e-02 3.428333246293e-02 3.173497766138e-02 2.843430725694e-02 3.100521651710e-02 7.566955130348e-02 3.193309505134e-02 4.795459000163e-02 5.588513590286e-02 5.440291823521e-02 3.208768032309e-01 1.500367748229e-01 1.228882923096e-01 1.006311330556e-01 2.896965904464e-01 2.421431314785e-01 5.906979288484e-01 3.844620118328e-01 2.192269915405e-01 1.705853486847e-01 7.509852064243e-02 9.970177554081e-02 2.937305918441e-01 5.216501689629e-01 7.653566336158e-01 1.136528329481e+00 1.558626075332e+00 1.942006625310e+00 2.150389632761e+00 1.944641901518e+00 1.420595748710e+00 8.191235238879e-01 4.165726248650e-01
 3.654827506620e-02 3.679274406769e-02 3.583093622388e-02 3.377045455988e-02 3.242188359357e-02 4.033986729752e-02 7.577221294735e-02 1.832941634362e-01 7.100029583955e-02 4.843603650952e-02 5.516365533567e-02 1.100852233699e-01 9.999011147500e-02 8.819313257557e-02 7.284707074753e-02 1.122041457818e-01 5.212060112146e-01 4.222267282279e-01 2.187509125642e-01 2.007674557150e-01 1.530210121867e-01 3.010665878007e-01 3.794444523304e-01 5.574434534698e-01 7.913828528190e-01 1.143003904635e+00 1.552270016092e+00 1.928338818603e+00 2.133743187149e+00 1.930081722582e+00 1.411180989596e+00 8.159694304978e-01 4.190465159957e-01
 3.741869433441e-02 3.883579207041e-02 3.882697470387e-02 3.659243143024e-02 3.151794914440e-02 2.782640482484e-02 7.280308858424e-02 6.821614077434e-01 8.798771077979e-01 1.167139657995e-01 2.728495510961e-01 1.018660889882e-01 7.500291114714e-02 7.467529612356e-02 7.002271327371e-02 2.274999914547e-01 3.638582139304e-01 6.681578724141e-01 3.287028888537e-01 4.245654259675e-01 3.170672270044e-01 3.487744947894e-01 4.442523288443e-01 6.027107171381e-01 8.145549781266e-01 1.146567218470e+00 1.543674000324e+00 1.913297856536e+00 2.116783994107e+00 1.915671535585e+00 1.401663997095e+00 8.120478293198e-01 4.200799026891e-01
 3.800348331353e-02 4.047423707251e-02 4.109831865665e-02 3.803006027481e-02 2.940948639282e-02 2.251816916893e-02 4.991834176259e-02 1.325075935135e-01 1.539313445899e-01 4.765447057359e-01 2.381893164875e-01 3.289496449826e-01 8.878749394805e-02 5.538897256647e-02 9.649415357935e-02 1.947418819443e-01 7.126232301329e-01 6.154407392983e-01 8.224229152622e-01 1.064149824411e+00 7.598941889304e-01 5.842800917951e-01 5.744246879180e-01 6.685125908895e-01 8.432705056211e-01 1.149919649331e+00 1.533645673705e+00 1.897309891313e+00 2.099901273634e+00 1.901745203203e+00 1.392288729341e+00 8.074616740314e-01 4.196753320296e-01
 3.835855162402e-02 4.195804373907e-02 4.353055741232e-02 4.025840561119e-02 3.037203930751e-02 2.000974245472e-02 7.835353894632e-02 3.979384592497e-02 6.643753171461e-02 3.568916964917e-01 2.486857187696e+00 2.627827586459e-01 1.373967836731e-01 1.077562287796e-01 4.798354565384e-01 4.452121572629e-01 5.185267629687e-01 8.855049975591e-01 1.360543427004e+00 1.440460417486e+00 1.205682718917e+00 8.735335989827e-01 7.479028665858e-01 7.543965896208e-01 8.792896738390e-01 1.154301068055e+00 1.522899530269e+00 1.880934775339e+00 2.083603544414e+00 1.888726743760e+00 1.383331655691e+00 8.023687547872e-01 4.178784116245e-01
 3.854000330778e-02 4.352145133965e-02 4.713195203771e-02 4.707061093140e-02 4.849831340360e-02 2.351980127612e-02 8.396684477560e-02 3.329615378481e-02 5.633152723235e-02 3.003808028136e-01 5.608324127239e-01 7.019824880120e-01 2.771507398509e-01 3.297945316143e-01 6.264140315470e-01 6.104510180082e-01 5.656142252517e-01 1.098137147709e+00 1.753374447581e+00 1.775579546464e+00 1.571932406629e+00 1.123840240175e+00 8.971928022459e-01 8.317157119456e-01 9.128846205972e-01 1.157706806945e+00 1.511485676098e+00 1.864706918867e+00 2.068491213081e+00 1.877094700890e+00 1.375129814389e+00 7.969597964496e-01 4.147639852438e-01
 3.854523350973e-02 4.509828284879e-02 5.150139451486e-02 5.568169043191e-02 5.636844913644e-02 8.899174626570e-02 4.521105333291e-01 2.773961532734e-02 6.083777092874e-02 1.546571835192e+00 2.321667707338e+00 3.316524759916e-01 1.567583902957e-01 8.007410903395e-02 8.608412887338e-01 1.051740606173e+00 7.731103213383e-01 1.152522093924e+00 1.718169295416e+00 2.077840550730e+00 1.835017187415e+00 1.292786823377e+00 9.841071715410e-01 8.806335208382e-01 9.353013260398e-01 1.157458405054e+00 1.499128847489e+00 1.849165796507e+00 2.055220191165e+00 1.867381478955e+00 1.368048564094e+00 7.914501432804e-01 4.104417091802e-01
 3.831504825610e-02 4.646060898086e-02 5.621831563743e-02 6.682892827860e-02 7.855472824934e-02 9.364290799050e-02 1.319983420179e-01 1.111442843038e-01 2.008725134739e-01 1.540175197564e+00 1.009421178656e+00 9.438410944186e-01 2.176579721444e-01 8.169480052510e-02 2.969307730769e-01 1.014625437403e+00 9.721333666303e-01 1.081150893924e+00 1.482450519088e+00 1.698183113095e+00 1.548642872922e+00 1.251680349727e+00 9.992797295190e-01 8.994810660687e-01 9.438375667626e-01 1.152014311106e+00 1.485764244801e+00 1.834914334805e+00 2.044490773806e+00 1.860121214947e+00 1.362451925179e+00 7.860741403320e-01 4.050497235194e-01
 3.774354261022e-02 4.718111554860e-02 6.000574295364e-02 7.684372204794e-02 1.004860346738e-01 1.322682491211e-01 1.749722639038e-01 2.115844761051e-01 2.553218761658e-01 1.117224544523e+00 6.456269106591e-01 9.188316344328e-01 1.752347549767e-01 7.836443132645e-02 1.687429021581e-01 3.055690145512e-01 7.239917235086e-01 9.128137557715e-01 1.225959366887e+00 1.407698769224e+00 1.337791892095e+00 1.146038186405e+00 9.676652558991e-01 8.934406156522e-01 9.394399424851e-01 1.141418554056e+00 1.471822678163e+00 1.822702734157e+00 2.037012342608e+00 1.855854279091e+00 1.358697129853e+00 7.810723473931e-01 3.987376152250e-01
 3.672812273551e-02 4.684357426548e-02 6.169200536535e-02 8.303303185425e-02 1.157780995549e-01 1.623071171342e-01 2.233080620296e-01 2.669726299644e-01 2.669184891931e-01 2.463560302093e-01 5.298116343392e-01 7.868190396060e-02 1.311256284215e-01 6.373351245887e-02 9.125052515539e-02 3.594475848393e-01 5.377131828123e-01 8.329004000194e-01 1.138450580047e+00 1.315759515087e+00 1.273572639395e+00 1.116194414320e+00 9.574182553262e-01 8.871078695071e-01 9.299774609974e-01 1.127704107669e+00 1.458279631444e+00 1.813387074073e+00 2.033486412131e+00 1.855055478979e+00 1.357123716563e+00 7.766685092673e-01 3.916725649739e-01
 3.522412701894e-02 4.520592583651e-02 6.055440297933e-02 8.381560290261e-02 1.215330421336e-01 1.780249916617e-01 2.553528438981e-01 3.024269560505e-01 2.547898579974e-01 1.846973186289e-01 2.996791488359e-01 1.573192062945e-01 4.743911331469e-01 8.776748999876e-02 9.536506755037e-02 2.307683583596e-01 5.044460148642e-01 9.051075223091e-01 1.332511035620e+00 1.547340831643e+00 1.475635131806e+00 1.237261970059e+00 1.010415143251e+00 8.997571251915e-01 9.232121258623e-01 1.113462615425e+00 1.446439159080e+00 1.807914818213e+00 2.034550579713e+00 1.858154097029e+00 1.357999297972e+00 7.730768701838e-01 3.840222400378e-01
 3.328347211787e-02 4.229673248665e-02 5.644121123375e-02 7.850427458009e-02 1.157501381380e-01 1.748601586073e-01 2.613595486430e-01 2.563283806012e-01 2.197430206477e-01 2.053481870474e-01 2.731591047702e-01 1.616833900430e-01 1.128555482919e-01 1.319165798064e-01 1.660156512657e-01 1.301505993268e-01 5.040700030348e-01 1.190627109857e+00 2.123008857556e+00 2.386158755002e+00 2.206497774531e+00 1.628535229259e+00 1.172549408926e+00 9.473595608847e-01 9.247360304593e-01 1.100940858122e+00 1.437711453638e+00 1.807231832597e+00 2.040765412023e+00 1.865467937961e+00 1.361558011055e+00 7.704750206238e-01 3.759557402179e-01
 3.106057143043e-02 3.846760369778e-02 4.997102493588e-02 6.780887420835e-02 9.807572090723e-02 1.472425979204e-01 2.231056814343e-01 2.372061631420e-01 2.499559132723e-01 5.898005378941e-01 2.339655018884e-01 1.607782711774e-01 8.219574748896e-02 9.239145388410e-02 1.815274185845e-01 2.395307097784e-01 4.960001258347e-01 1.702497771331e+00 4.580302672572e+00 4.682253581381e+00 4.185710445962e+00 2.469297030603e+00 1.477791174470e+00 1.031718106123e+00 9.335920003339e-01 1.091110604518e+00 1.433486822521e+00 1.812246707261e+00 2.052549415954e+00 1.877212246946e+00 1.367933057888e+00 7.690137758563e-01 3.676363292254e-01
 2.877581757174e-02 3.433915673672e-02 4.264941359927e-02 5.503170756872e-02 7.548572849099e-02 1.089506422099e-01 1.657046321902e-01 2.348332073968e-01 2.656690521454e-01 6.569790044051e-01 3.370271278378e-01 2.064517694770e-01 1.134781158204e-01 1.068563555891e-01 1.910625419736e-01 2.835055147926e-01 5.354011348400e-01 1.661220765261e+00 3.901626971298e+00 3.463749592486e+00 3.341906849738e+00 4.092164538289e+00 1.837358304317e+00 1.098890591831e+00 9.321402934069e-01 1.082382389357e+00 1.434847207582e+00 1.823654287270e+00 2.070135038022e+00 1.893446729754e+00 1.377188090366e+00 7.687950443744e-01 3.592147016205e-01
 2.662837096833e-02 3.051964752729e-02 3.603605187061e-02 4.371359264711e-02 5.533779357565e-02 7.245527791577e-02 9.882737627400e-02 1.329295308881e-01 1.471379020355e-01 1.906257388060e-01 4.619301875963e-01 6.565627286664e-02 1.612938102724e-01 1.925178586268e-01 2.049630832297e-01 3.141758888222e-01 6.179746609874e-01 1.583597601562e+00 3.807002451925e+00 3.304306378247e+00 3.280869429600e+00 2.140606733472e+00 1.469298839452e+00 9.877409175311e-01 8.895394982770e-01 1.072387635872e+00 1.442390605498e+00 1.841721650430e+00 2.093463411170e+00 1.914086146325e+00 1.389289618574e+00 7.698821018896e-01 3.508306051377e-01
 2.472247683740e-02 2.734827927303e-02 3.101777117465e-02 3.600192355939e-02 4.303099029272e-02 5.171557565350e-02 6.136743753839e-02 7.487216022175e-02 7.421938505223e-02 7.664989616344e-02 1.134134668125e-01 3.015579468689e-01 1.728928827565e-01 5.453121322207e-01 2.595432881890e-01 2.189934473298e-01 5.514562578378e-01 1.214085803535e+00 2.196334895530e+00 5.375370290253e+00 2.557453171943e+00 1.521426323105e+00 1.036248702142e+00 8.150673010555e-01 8.287598597347e-01 1.064360980773e+00 1.456175732383e+00 1.866076402163e+00 2.122181091930e+00 1.938867255864e+00 1.404117670070e+00 7.722908927731e-01 3.426085605945e-01
 2.305325844380e-02 2.484614934662e-02 2.769080327410e-02 3.245239176793e-02 4.146492733388e-02 5.775102934590e-02 8.589987778261e-02 4.434276767467e-02 4.178041616629e-02 4.219789770991e-02 3.453873539265e-02 7.658247870403e-02 3.993297431240e-01 3.113345364537e-01 2.448351930083e-01 1.872808532108e-01 3.618850292604e-01 6.874493213713e-01 1.145149583830e+00 1.828256054313e+00 1.451592487450e+00 9.522916071761e-01 7.133973993770e-01 6.684392638511e-01 7.739578650353e-01 1.060590703384e+00 1.475050986696e+00 1.895679671792e+00 2.155630183633e+00 1.967389128376e+00 1.421470523756e+00 7.759987823101e-01 3.346577282954e-01
 2.154157563482e-02 2.279896997862e-02 2.547376226772e-02 3.196434565445e-02 5.128947363631e-02 1.085351194877e-01 3.474684602717e-02 4.745554908197e-02 3.807918756116e-02 1.615539359230e-02 2.565146963769e-02 6.834975764189e-02 6.976089538262e-02 1.750427690474e-01 2.190900486676e-01 2.519075343965e-01 2.311660288990e-01 4.074494919226e-01 7.550596506113e-01 9.881090733306e-01 8.170905593604e-01 5.832093439835e-01 5.021788666118e-01 5.643003051510e-01 7.325923354859e-01 1.060808245484e+00 1.497218198083e+00 1.929189517401e+00 2.192969375103e+00 1.999128545715e+00 1.441075878208e+00 7.809466155667e-01 3.270695455793e-01
 2.009061259304e-02 2.089452672709e-02 2.315879616621e-02 2.929928489958e-02 4.720533505072e-02 9.308634488739e-02 2.069953961794e-02 5.608673558252e-02 6.335906714195e-02 1.403589633422e-02 5.800913190131e-02 3.531992013243e-02 2.398844737009e-02 4.956021396711e-02 1.315530379167e-01 2.030199950668e-01 3.522426880449e-01 4.104352193779e-01 8.945334267712e-01 8.039931630259e-01 6.763722361460e-01 5.167608953158e-01 4.149903192756e-01 5.027927117117e-01 7.036556828524e-01 1.063245861611e+00 1.520993451141e+00 1.965332794014e+00 2.233307456640e+00 2.033496352340e+00 1.462612095843e+00 7.870392400179e-01 3.199244254955e-01
 1.864022560883e-02 1.897860729603e-02 2.045172147250e-02 2.472430624109e-02 3.721706376330e-02 7.933575603145e-02 3.541224785418e-02 3.345843506500e-02 2.459691930615e-02 8.500922580447e-03 1.108444400690e-01 3.594148856825e-02 5.471426954849e-02 5.677062333535e-02 1.279573085852e-01 1.313694239828e-01 4.040904686827e-01 6.487118201801e-01 3.136718407845e-01 7.296192967081e-01 3.077284739552e-01 2.560497091325e-01 5.256327374919e-01 4.826250987799e-01 6.831483122040e-01 1.066288760329e+00 1.545455741203e+00 2.003198060470e+00 2.275811961921e+00 2.069872525343e+00 1.485720893683e+00 7.941653844591e-01 3.132897093284e-01
 1.717786067858e-02 1.704374618260e-02 1.743086938614e-02 1.877190726119e-02 2.286800980454e-02 3.805605789347e-02 1.048674702612e-01 2.383496317116e-02 2.890173907214e-02 2.834496477994e-02 5.889973446174e-02 3.185946136555e-02 1.683793578421e-01 2.042560156535e-01 2.747387879957e-01 3.740280165035e-01 1.718588486841e+00 3.202205655877e-01 2.023899623474e-01 1.722240130005e-01 1.915638843638e-01 7.658329283505e-02 2.939864120724e-01 5.553216589244e-01 6.680355395982e-01 1.069959656460e+00 1.570886137878e+00 2.042341275140e+00 2.319735027046e+00 2.107638696047e+00 1.510018284904e+00 8.021890724364e-01 3.072163905285e-01
 1.573006435345e-02 1.522512343493e-02 1.474776512116e-02 1.413682125851e-02 1.577751479656e-02 4.408534367557e-02 2.432179348229e-02 2.133580050800e-02 1.967173313884e-02 2.962775955219e-02 1.293380773736e-01 4.801394225474e-02 1.323273391442e-01 8.294020583472e-01 3.196611836473e-01 2.304348181725e+00 1.066886043613e+00 6.680619792273e-01 1.757479337407e-01 2.939821142195e-01 1.372420120190e-01 1.910857487364e-01 2.515358594691e-01 3.868979270337e-01 6.400964594683e-01 1.077672470208e+00 1.598836677648e+00 2.082658798639e+00 2.364411801228e+00 2.146172228698e+00 1.535124247267e+00 8.109658715979e-01 3.017486447458e-01
 1.432316508485e-02 1.361515609090e-02 1.275191644063e-02 1.208688295864e-02 2.753850046222e-02 1.699640350813e-02 1.672553081033e-02 1.096657745214e-02 1.393642789722e-02 4.654269207084e-02 7.248893070852e-02 2.016596357765e-01 2.932725803705e-01 1.191433404180e+00 4.513675968767e-01 1.436809473859e+00 8.910320174545e-01 4.711059315946e-01 1.438634339083e-01 1.021791364499e-01 9.274383617572e-02 1.617460629197e-01 1.960909709926e-01 3.851627845976e-01 6.473427798711e-01 1.097815615010e+00 1.631057180928e+00 2.123981995576e+00 2.409170966636e+00 2.184877652325e+00 1.560652650907e+00 8.203426047537e-01 2.969169992907e-01
 1.296701971321e-02 1.218764435373e-02 1.118957967597e-02 9.774713126913e-03 1.748564227892e-02 2.251255939442e-02 1.849745448336e-02 1.445972146100e-02 1.817438430139e-02 1.933462167244e-02 1.214199201907e-01 1.159611138545e-01 8.609362987809e-02 2.167096966185e-01 1.893175900880e-01 3.860528792099e-01 1.254754023565e+00 1.880501409686e-01 1.801706847879e-01 7.521053208132e-02 1.164587994777e-01 1.478981380356e-01 2.438236238804e-01 3.900599359328e-01 6.726396629522e-01 1.128298404562e+00 1.666836080907e+00 2.165567801383e+00 2.453270766275e+00 2.223166027618e+00 1.586223630839e+00 8.301614442580e-01 2.927453336996e-01
 1.167102061971e-02 1.089558302113e-02 9.960820926616e-03 8.242080547946e-03 6.191759855975e-03 3.799940277589e-02 2.352989928968e-02 2.257804868225e-02 1.356166063557e-02 3.045065310346e-02 1.010672122662e-01 6.972929207438e-02 1.123945448661e-01 1.867501962537e-01 1.478733073767e-01 1.683157325279e-01 3.672572917894e-01 5.776407795344e-01 2.618710532926e-01 1.386352570208e-01 1.970476250753e-01 2.669747747318e-01 2.551784274872e-01 4.322855104426e-01 7.140379748673e-01 1.165146890237e+00 1.703855748121e+00 2.206153439133e+00 2.495934249413e+00 2.260466578686e+00 1.611480114125e+00 8.402741409479e-01 2.892460171517e-01
 1.046448514066e-02 9.744077353060e-03 9.041839083560e-03 8.184617102694e-03 7.400593992127e-03 1.214034766756e-02 8.588042957786e-02 1.536394944870e-02 6.810694074876e-03 5.028877277715e-02 4.966207468109e-02 8.823104476228e-02 1.455264543828e-01 1.761359619767e-01 1.632593005695e-01 1.375033875187e-01 1.913789318972e-01 3.280544591946e-01 5.858820926061e-01 8.473559817407e-01 3.964181544345e-01 2.448683167270e-01 2.959083562321e-01 4.809342222130e-01 7.564015296279e-01 1.200846272407e+00 1.738741015423e+00 2.244259415155e+00 2.536389845924e+00 2.296269874135e+00 1.636091537423e+00 8.505230898032e-01 2.864223115876e-01
 9.387054749728e-03 8.748757385483e-03 8.270477560371e-03 8.070807789677e-03 8.538479046920e-03 1.111095335401e-02 1.897107783299e-02 1.354671772495e-02 1.059571055323e-02 1.827390811535e-02 4.714832187814e-02 1.071414937239e-01 1.999285978114e-01 2.199768032900e-01 2.386826227020e-01 1.716677662550e-01 1.804923874187e-01 2.752769356012e-01 4.607230848747e-01 6.868636120324e-01 4.061691355934e-01 2.767671465002e-01 3.353922292977e-01 5.174721277613e-01 7.878511486786e-01 1.229109237279e+00 1.768636599462e+00 2.278647682428e+00 2.574024867629e+00 2.330142884033e+00 1.659759497389e+00 8.607698975781e-01 2.842725379309e-01
 8.481412865259e-03 7.933308204668e-03 7.599789993675e-03 7.742352233676e-03 8.869210122446e-03 1.175969182435e-02 1.677304803611e-02 1.864233386194e-02 2.015453618039e-02 2.437640912164e-02 4.861415697086e-02 1.097307117579e-01 2.063767769701e-01 2.211032598264e-01 2.502429655065e-01 2.019432678677e-01 2.357846150489e-01 3.633227312731e-01 6.359085418585e-01 1.705582855988e+00 8.385003402237e-01 3.533849819553e-01 3.663922438303e-01 5.371363365848e-01 8.046379610189e-01 1.247477437172e+00 1.792245095516e+00 2.308688878802e+00 2.608428818791e+00 2.361735332843e+00 1.682225162080e+00 8.708744346873e-01 2.827801782664e-01
 7.795976079581e-03 7.348016638779e-03 7.091996751548e-03 7.341617403696e-03 8.721961857124e-03 1.237943130436e-02 2.051823889749e-02 2.829133495241e-02 3.731806755976e-02 5.080708056893e-02 7.276651135818e-02 1.327798569424e-01 3.074543661119e-01 2.041861455959e-01 2.216526142296e-01 2.194022666368e-01 4.056631282926e-01 6.380333180037e-01 1.063127490982e+00 7.927254726550e-01 9.836881639621e-01 6.103948123573e-01 4.057927542682e-01 5.465740288039e-01 8.101101107626e-01 1.257214977942e+00 1.809956637225e+00 2.334409834161e+00 2.639428145877e+00 2.390805078233e+00 1.703261121125e+00 8.807093632527e-01 2.819292797165e-01
 7.381553357098e-03 7.068108782168e-03 6.879293854084e-03 7.124699765137e-03 8.430261844027e-03 1.196104928984e-02 2.044227779437e-02 3.754142041837e-02 6.121199770770e-02 8.919859293582e-02 1.388976572739e-01 2.372337746174e-01 4.417597049260e-01 8.919479071791e-01 4.728103667567e-01 5.956002809720e-01 1.710528678863e+00 2.830543086802e-01 1.453240474415e-01 4.487205829258e-01 1.914694510119e-01 1.819903324444e-01 4.468358867564e-01 5.602085424020e-01 8.133806019887e-01 1.262300793478e+00 1.823351605695e+00 2.356350658517e+00 2.667042141386e+00 2.417171759111e+00 1.722686806164e+00 8.901537532324e-01 2.816908274300e-01
 7.281407262209e-03 7.167670811373e-03 7.090373192432e-03 7.286513221115e-03 8.260259004790e-03 1.101786099551e-02 1.830649966821e-02 3.639181619441e-02 7.415857993984e-02 1.388206051068e-01 2.362803335389e-01 5.575377776597e-02 1.076299804769e-01 1.681693715630e-01 2.797812516669e-01 2.859253467441e+00 1.037744753174e+00 6.404102862217e-01 1.230617069848e-01 1.354914868345e-01 8.201814312002e-02 1.167484991823e-01 2.994990263803e-01 6.252782833681e-01 8.274707829973e-01 1.267398426471e+00 1.834363145405e+00 2.375257364118e+00 2.691382186548e+00 2.440727318862e+00 1.740330773388e+00 8.990968534334e-01 2.820285836143e-01
 7.521656775776e-03 7.717255222858e-03 7.880603195376e-03 8.104030448961e-03 8.620557396365e-03 1.003665427633e-02 1.478515317907e-02 3.219882840306e-02 8.983804920948e-02 2.542050628173e-01 1.968325961176e-01 4.448435086713e-02 4.463310708094e-02 6.241215856493e-02 1.008814409940e-01 5.218968191630e-01 1.142442091893e+00 1.155372577531e-01 9.137742608204e-02 7.457891658541e-02 5.792294505703e-02 1.084203392669e-01 3.981674368158e-01 6.514452890578e-01 8.498806074449e-01 1.273921432282e+00 1.844325876568e+00 2.391812117530e+00 2.712598224422e+00 2.461382615425e+00 1.756064553325e+00 9.074293695089e-01 2.829066963080e-01
 8.100522882927e-03 8.776781915935e-03 9.480579141726e-03 1.016111023805e-02 1.072163519316e-02 1.096857764403e-02 1.170725561195e-02 2.294676578621e-02 7.903378145166e-02 2.015637551278e-01 2.368564519278e-01 3.877982315882e-02 3.575378758914e-02 4.236911089483e-02 7.429637061229e-02 5.185315803105e-01 1.183484209322e+00 1.272828617161e-01 1.114318015687e-01 8.612735606109e-02 6.231551382750e-02 9.626472838539e-02 2.402862972382e-01 6.731860746569e-01 8.477121429955e-01 1.276805762554e+00 1.853608478621e+00 2.406466403652e+00 2.730789197604e+00 2.479066402062e+00 1.769752274921e+00 9.150493891712e-01 2.842772908433e-01
 8.969051941447e-03 1.035439997150e-02 1.215489515879e-02 1.447372001787e-02 1.754233192685e-02 2.112765621602e-02 2.838835650029e-02 2.884044871032e-02 8.184765294892e-02 1.855618119928e-01 1.903583489874e-01 1.387043121186e-01 1.040725661638e-01 5.317562523017e-02 1.616530927583e-01 2.404056609553e+00 1.163802274163e+00 5.948799112870e-01 1.558767514000e-01 9.688118698273e-02 6.612319558063e-02 1.065187416416e-01 3.616696817651e-01 6.764937099945e-01 8.319584804181e-01 1.278665731437e+00 1.862843635851e+00 2.419453258871e+00 2.745983963783e+00 2.493690835806e+00 1.781290729338e+00 9.218698247753e-01 2.860929654350e-01
 1.001072468573e-02 1.231643115211e-02 1.596483292294e-02 2.218197319456e-02 3.479114795713e-02 6.503316089251e-02 3.707345381642e-02 2.428472793108e-02 2.517032391540e-02 9.996892220102e-02 6.698692368861e-01 8.296934522050e-02 6.259182733980e-01 4.036035437308e-02 3.596788611121e-01 7.325264958570e-01 1.559186465282e+00 3.353849108404e-01 9.213422218452e-01 1.321029525211e+00 9.410235941121e-01 3.955684370680e-01 5.952790841847e-01 5.648471675398e-01 8.102390683559e-01 1.281728646976e+00 1.872116278427e+00 2.430738280580e+00 2.758123610011e+00 2.505173735718e+00 1.790567790108e+00 9.277946664405e-01 2.883055400890e-01
 1.103810169134e-02 1.428316800380e-02 2.023053307390e-02 3.258860667103e-02 6.256785800709e-02 1.253375006487e-01 2.692249918161e-02 4.486324152548e-02 3.950279146220e-02 3.119548947960e-02 1.719327411526e-01 4.123957045550e-01 7.359739635976e-02 1.023364736647e-01 2.251540233034e-01 1.180437127541e-01 2.105344391131e-01 1.236871574364e+00 1.907543580694e+00 2.080779959337e+00 1.670977223819e+00 8.496809646275e-01 3.615908871732e-01 5.036611473690e-01 7.960706947183e-01 1.285995698321e+00 1.880995049599e+00 2.440103067276e+00 2.767099786669e+00 2.513416690024e+00 1.797495243289e+00 9.327492487105e-01 2.908604590120e-01
 1.183994289586e-02 1.565251842481e-02 2.301164542203e-02 3.962691047000e-02 8.551680753406e-02 2.022779304456e-01 4.371274554714e-02 7.040708857883e-02 4.314904931386e-02 3.002601841505e-02 5.717664468881e-02 2.084313666880e-02 1.069368582658e-02 1.877771099209e-02 3.894550576323e-02 1.068828881420e-01 1.164192108820e-01 2.669089248055e-01 5.807345193998e-01 3.417671089479e-01 1.114527838705e-01 9.721392276521e-02 2.564317503154e-01 4.586699802771e-01 7.841067105678e-01 1.290422968381e+00 1.889021308142e+00 2.447262344653e+00 2.772757876860e+00 2.518322267541e+00 1.801993245261e+00 9.366627844762e-01 2.937073651152e-01
 1.229582386698e-02 1.605590506733e-02 2.274615514108e-02 3.596181813375e-02 6.917723322182e-02 1.732605350377e-01 1.266860649894e-01 5.255070976517e-02 3.123085862763e-02 7.269555904966e-02 3.385533581458e-02 4.706607246509e-02 7.239953361661e-03 7.347812598652e-03 2.245799382674e-02 2.310189031996e-01 5.342497358999e-01 1.620662857580e-01 9.558977518852e-02 5.279563029084e-02 3.440871192856e-02 3.734925794137e-02 5.358212178831e-02 3.947306114560e-01 7.699457471182e-01 1.295131820827e+00 1.896004513910e+00 2.451915910882e+00 2.774923263110e+00 2.519806279558e+00 1.803995883046e+00 9.394742141291e-01 2.967936760550e-01
 1.245069760605e-02 1.584112981639e-02 2.130486157387e-02 3.031035003260e-02 4.778020876411e-02 8.443557427586e-02 1.870860094626e-01 2.348257967737e-01 1.240284088567e-01 3.360120742781e-02 8.688221379472e-02 2.775468997493e-02 7.310650423555e-03 7.193216598960e-03 1.777704131447e-02 1.528249527426e-01 4.541390020550e-01 1.025321197428e-01 5.283771008411e-02 3.312275739715e-02 2.944099783952e-02 3.717534665532e-02 3.284309765375e-02 3.785962980672e-01 7.737616229496e-01 1.303798856013e+00 1.901997937800e+00 2.453706719144e+00 2.773409338289e+00 2.517787409726e+00 1.803455166567e+00 9.411373837096e-01 3.000704041868e-01
 1.241151843168e-02 1.542404304249e-02 2.017413136607e-02 2.748695465735e-02 4.036639391153e-02 6.486312926343e-02 1.185165760390e-01 1.946789004713e-01 1.389758360139e-01 1.502764146644e-01 4.068254638729e-02 1.477783451671e-01 3.549373454347e-02 2.833013157194e-02 1.999038198838e-02 2.012426738679e-01 4.691378251787e-01 9.619513724958e-02 4.809165352400e-02 3.559008120103e-02 3.672356604336e-02 4.983965152251e-02 3.411720234284e-02 4.059776797436e-01 7.963379950462e-01 1.315873647474e+00 1.906144795528e+00 2.452102784545e+00 2.768023586692e+00 2.512201746930e+00 1.800347925354e+00 9.416132603242e-01 3.034901504331e-01
 1.225610301322e-02 1.496968573794e-02 1.965536185162e-02 2.764907543564e-02 4.392482347536e-02 8.230652286197e-02 1.981557146149e-01 4.681219658482e-01 3.403314686522e-01 1.150401959257e-01 1.398946292947e-01 3.860299215831e-02 6.440127708699e-02 2.410418577195e-01 1.080346258102e-01 2.403245860889e-01 7.055128862283e-02 7.839178075296e-02 5.171124156659e-02 5.694812974123e-02 6.167819414351e-02 1.302255398774e-01 4.713512752593e-01 5.443283918920e-01 8.407766259608e-01 1.328161913671e+00 1.906759710155e+00 2.446467427814e+00 2.758594414781e+00 2.503036109162e+00 1.794672417953e+00 9.408866847093e-01 3.070093607396e-01
 1.201400573047e-02 1.439101460283e-02 1.917358464446e-02 2.864849658917e-02 5.144033906671e-02 1.165061721129e-01 3.960171843198e-01 7.161481556407e-01 4.620978830098e-01 1.296070940353e-01 4.589815678552e-02 7.816964292053e-02 2.311946341400e-01 1.533708464955e-01 3.921267793189e-01 1.680899409967e-01 7.754574182506e-02 3.038371766914e-02 8.849071742828e-02 7.094067759062e-02 6.508245623912e-02 2.767645140595e-01 3.456156521308e-01 5.458367093187e-01 8.493298172837e-01 1.329093069265e+00 1.901379021189e+00 2.436251517044e+00 2.745047020697e+00 2.490315959002e+00 1.786470243742e+00 9.389591166110e-01 3.105887040510e-01
 1.170810100443e-02 1.353634504489e-02 1.788195840259e-02 2.739111386193e-02 5.200383402503e-02 1.227930225705e-01 3.144453038295e-01 2.806222027105e-01 1.781161529905e-01 7.840680052660e-02 2.297214845341e-02 3.615152827992e-02 1.164855054303e-01 4.411890134596e-01 2.005859093527e-01 1.779997908546e-01 2.131142219470e-01 3.517264178423e-01 6.327920349378e-01 4.656075231661e-01 3.150051698254e-01 1.760902744407e-01 2.795735186881e-01 5.213920261522e-01 8.366661452839e-01 1.318775206173e+00 1.889563203635e+00 2.421366209460e+00 2.727450321887e+00 2.474144425535e+00 1.775812856029e+00 9.358508145371e-01 3.141967326703e-01
 1.140408276453e-02 1.241478425965e-02 1.539056293775e-02 2.160848563557e-02 3.454497456284e-02 5.885456109654e-02 9.596393561363e-02 1.444519837580e-01 9.353016911034e-02 1.327890695732e-01 3.032466414774e-02 5.702028365530e-02 1.424583365256e-01 2.171674019325e-01 2.061110388376e-01 2.175273445386e-01 4.061857404415e-01 8.832254174512e-01 1.955362206230e+00 1.382260516043e+00 7.957478762524e-01 3.619707869158e-01 2.887417547686e-01 5.027582285312e-01 8.159182828622e-01 1.300795779472e+00 1.872382709143e+00 2.402257527816e+00 2.706051969230e+00 2.454697547280e+00 1.762824524283e+00 9.316060026232e-01 3.178061318163e-01
 1.122770384460e-02 1.137593764515e-02 1.296095493673e-02 1.658023642315e-02 2.333236702192e-02 3.223433255109e-02 4.003365836709e-02 2.449607497668e-02 1.955869543169e-02 1.390198085241e-02 2.801480293074e-02 2.253210899451e-01 6.985684636819e-01 8.855821562328e-01 1.442202711673e-01 2.139078210457e-01 6.765758015296e-01 2.157646009378e+00 1.311819719627e+00 7.629290896108e-01 8.486775013179e-01 5.427184791560e-01 4.408436575798e-01 5.029993004646e-01 7.940708244688e-01 1.279111779101e+00 1.851764767237e+00 2.379779331321e+00 2.681243009073e+00 2.432222858897e+00 1.747659862335e+00 9.262975194345e-01 3.213983490679e-01
 1.128500154278e-02 1.067701222547e-02 1.119785975181e-02 1.382085808085e-02 2.239711377860e-02 3.931995912878e-02 4.395954152627e-02 1.146270293166e-02 4.122945719443e-03 3.971862957242e-02 3.660052893382e-02 9.984352244254e-02 1.225204825925e-01 1.960228053377e-01 1.232887531728e-01 1.795910896779e-01 2.520237715299e+00 1.294790959466e+00 1.351695036313e-01 8.255443007939e-01 3.444486400073e-01 2.890226219663e-01 4.484095929768e-01 4.947504967730e-01 7.751282004903e-01 1.258482680868e+00 1.830109331565e+00 2.354993975917e+00 2.653513904406e+00 2.407030135420e+00 1.730533051375e+00 9.200167577377e-01 3.249632635842e-01
 1.162618955191e-02 1.039145129279e-02 9.826459599249e-03 1.066491307935e-02 2.167538541483e-02 7.768646766494e-03 1.638398664671e-02 3.753812021029e-03 3.566293760898e-03 1.430468861791e-02 4.534346926699e-02 3.602200764936e-02 2.924837417904e-02 4.002845270014e-02 8.566078511013e-02 5.272770056134e-01 2.857549128606e+00 3.134873318827e+00 8.086917236070e-01 6.600801931175e-01 1.474528295014e-01 1.691999542583e-01 4.224169733800e-01 4.986534687162e-01 7.686642280186e-01 1.243519136859e+00 1.809479585884e+00 2.328824815909e+00 2.623355419221e+00 2.379467957863e+00 1.711676718447e+00 9.128818738206e-01 3.284960237096e-01
 1.226223722200e-02 1.061854022030e-02 9.212874920929e-03 7.643303428889e-03 5.242987487618e-03 6.402975168809e-03 5.209146126161e-03 2.371936178055e-03 3.731663453495e-03 1.009894716786e-02 3.993416915493e-01 7.498538809271e-02 2.199003271580e-02 2.593820232859e-02 6.694774060392e-02 5.034025084844e-01 2.507203584278e+00 2.879324242664e+00 1.266825320893e-01 1.799760941192e-01 1.288749433348e-01 1.814232947324e-01 4.399888697483e-01 5.077321744803e-01 7.677392209537e-01 1.232672773625e+00 1.790121121323e+00 2.301774092665e+00 2.591183325133e+00 2.349899237069e+00 1.691373844515e+00 9.050302723008e-01 3.319969808889e-01
 1.315303385137e-02 1.135289442348e-02 9.687232681773e-03 7.686289497601e-03 4.769753437866e-03 4.380625255781e-03 5.885190931215e-03 5.012576983341e-03 8.517586888253e-03 5.906773622207e-02 9.730828599304e-02 5.706175498884e-02 2.436275245947e-02 2.787015726314e-02 7.188126757319e-02 2.235292736132e-01 1.990150309852e+00 6.067288639261e-01 7.380073290457e-02 1.420288142341e-01 9.643492258143e-02 1.784449593051e-01 3.057832760789e-01 4.780008423563e-01 7.565968848809e-01 1.220825951360e+00 1.770900156519e+00 2.273875668519e+00 2.557355073569e+00 2.318711815111e+00 1.669912764832e+00 8.966165066834e-01 3.354715096092e-01
 1.422471215011e-02 1.243765521205e-02 1.084316280504e-02 9.149606664518e-03 7.208715451771e-03 6.715603815565e-03 1.514299914012e-02 1.626593257628e-02 1.795973957951e-02 2.869522730438e-02 5.943074123882e-02 3.911008002462e-02 3.394667211609e-02 2.642443967258e-02 2.754216761426e-01 6.499333115288e-01 1.241179180417e+00 1.989721116987e-01 1.340632886374e-01 4.988858429637e-02 5.780395406792e-02 8.855818113203e-02 2.206089602841e-01 4.213095959150e-01 7.269807087624e-01 1.203494838023e+00 1.750512450958e+00 2.244995313064e+00 2.522149954019e+00 2.286285853980e+00 1.647618041152e+00 8.878049971805e-01 3.389238645228e-01
 1.541755454344e-02 1.371756680832e-02 1.227004241713e-02 1.086995320239e-02 9.373528863508e-03 8.479570101676e-03 9.619163403511e-03 1.093051002598e-02 1.235186885572e-02 1.487540953092e-02 2.051236150164e-02 4.509517657230e-02 3.875048702359e-02 5.276974124297e-02 1.066812964869e-01 6.198500547796e-01 3.351961816557e-01 1.171885422671e-01 7.213524084090e-02 4.714036413574e-02 4.526429540848e-02 7.701422176944e-02 1.172381273354e-01 3.411482999255e-01 6.779812403183e-01 1.180477763126e+00 1.728809853098e+00 2.215116953580e+00 2.485861929414e+00 2.253022924216e+00 1.624824833784e+00 8.787721898856e-01 3.423554145628e-01
 1.672257413647e-02 1.514993890370e-02 1.388511589624e-02 1.281190259266e-02 1.183746498065e-02 1.138883640494e-02 1.233120957953e-02 1.513672912887e-02 2.541349474573e-02 2.542408659911e-02 2.969544293805e-02 3.875226079503e-02 4.222975587892e-02 4.262493693101e-02 9.519258434399e-02 2.922530562908e-01 2.858479273220e-01 9.335151635120e-02 5.694110392138e-02 4.387712775676e-02 4.195156756886e-02 5.923141209337e-02 7.794976134812e-02 2.600114391897e-01 6.270180892238e-01 1.158090257879e+00 1.707276323685e+00 2.184446342065e+00 2.448804616405e+00 2.219350531254e+00 1.601873463134e+00 8.696879489957e-01 3.457640705256e-01
 1.818732389321e-02 1.681542229236e-02 1.590454680050e-02 1.562385931933e-02 1.645745822832e-02 1.982526154957e-02 3.002866527295e-02 5.954484894055e-02 8.668932613441e-02 5.656896619984e-02 6.012512660859e-02 6.870621014748e-02 1.068154350852e-01 9.260243476598e-02 1.044856780824e-01 1.759072861355e-01 2.014385099999e-01 8.865783285518e-02 5.816047293088e-02 5.494680215642e-02 4.641777448843e-02 6.188962577784e-02 8.734621584254e-02 2.939125473128e-01 6.277383098124e-01 1.153952168849e+00 1.688282329396e+00 2.153227952023e+00 2.411323542381e+00 2.185701911954e+00 1.579121220092e+00 8.607306285927e-01 3.491340791758e-01
 1.988768898756e-02 1.884779326928e-02 1.867221416853e-02 2.028200705832e-02 2.592938773381e-02 3.990793683284e-02 7.301253351027e-02 1.936932013212e-01 1.912801197608e-01 6.747265631757e-02 9.866248881666e-02 1.316778436975e-01 2.249086002106e-01 1.568221551036e-01 1.654615713753e-01 2.636524338313e-01 8.292070820125e-01 1.699952514732e-01 7.510806116024e-02 5.482105495592e-02 5.002170677265e-02 6.799121784867e-02 1.140965114718e-01 4.153306130881e-01 6.946008678509e-01 1.165388337103e+00 1.670759488180e+00 2.121339121999e+00 2.373794224821e+00 2.152540521027e+00 1.556917909589e+00 8.520542983887e-01 3.524416694733e-01
 2.187910231783e-02 2.130243541790e-02 2.235240373946e-02 2.774013300354e-02 4.469506464817e-02 8.570830412802e-02 1.621454870523e-01 9.121874275682e-02 6.637379807147e-02 5.490470426892e-02 2.610135280182e-01 5.299079732074e-01 6.903249599902e-01 3.420147527907e-01 3.210447934096e-01 2.113541002046e-01 1.428851999153e-01 2.458729303608e-01 1.098231679565e-01 6.893912675598e-02 7.513628860307e-02 8.540223349859e-02 1.939670704187e-01 5.009222447225e-01 7.540623903285e-01 1.172423125930e+00 1.651009301844e+00 2.088482779997e+00 2.336651943642e+00 2.120358189272e+00 1.535608263721e+00 8.438103732091e-01 3.556483767002e-01
 2.416032183962e-02 2.405034965653e-02 2.654223401176e-02 3.814060578619e-02 8.342597380716e-02 2.414144943426e-01 1.028756700929e-01 3.761784389497e-02 4.002412998217e-02 5.990212646685e-02 3.665528671494e-01 9.940130156053e-01 6.229882171664e-01 4.994544744031e-01 4.153882941673e-01 1.444646630445e-01 5.527955904175e-01 2.989785589832e-01 4.213058589342e-01 2.907228618678e-01 3.219529326092e-01 4.142656747962e-01 5.550172877830e-01 5.673144537351e-01 7.867994837267e-01 1.169344222349e+00 1.627516596276e+00 2.054783869989e+00 2.300446522717e+00 2.089653311507e+00 1.515530336713e+00 8.361274312919e-01 3.587042119889e-01
 2.667694728524e-02 2.675936714999e-02 2.941657926622e-02 4.194546886378e-02 9.284245644418e-02 2.819593198557e-01 1.086335749219e-01 5.480418878238e-02 5.796486189460e-02 9.362645027365e-02 7.402608176949e-01 1.364261775322e+00 1.328304439807e+00 8.484761578161e-01 7.940819569502e-01 3.082707858339e-01 2.612021454282e-01 7.508923048557e-01 9.543520072068e-01 2.344282049843e+00 8.527115894867e-01 7.431802530430e-01 4.898091462510e-01 5.712185330767e-01 7.861104364532e-01 1.153730267215e+00 1.600120767116e+00 2.020849232858e+00 2.265841496014e+00 2.060949724209e+00 1.496994845510e+00 8.291158042802e-01 3.615429257551e-01
 2.937709304375e-02 2.932950837811e-02 3.058501809606e-02 3.695035899007e-02 5.865571213727e-02 1.172351191745e-01 2.627228312431e-01 1.961043947979e-01 1.812368582681e-01 1.406650028035e-01 2.728781860632e-01 1.098993286965e+00 1.141454494607e+00 1.044649995535e+00 8.782935246770e-01 2.155885634138e-01 1.678628487073e-01 3.166082849948e-01 9.169347260841e-01 4.097279695045e-01 9.279487925010e-01 3.636871603241e-01 3.537496381609e-01 5.191775375628e-01 7.577979890322e-01 1.127855798284e+00 1.570139143798e+00 1.987708177627e+00 2.233575087639e+00 2.034758143413e+00 1.480301434758e+00 8.228607895859e-01 3.640940304184e-01
 3.222093074913e-02 3.194916671903e-02 3.170015404968e-02 3.355792918378e-02 4.253100282049e-02 7.055006841977e-02 1.605711113720e-01 6.498554952142e-01 6.517315388397e-01 1.649125354904e-01 1.575975693849e-01 2.938994216446e-01 4.929974412094e-01 9.733309002510e-01 3.172417257647e-01 1.416497527526e-01 7.232026978354e-02 4.535766139849e-02 7.744070057980e-02 6.046136629331e-01 8.662285957599e-02 9.328705443236e-02 1.845803814779e-01 4.390568728733e-01 7.143830633805e-01 1.096605144430e+00 1.539761104308e+00 1.956572582472e+00 2.204392261547e+00 2.011553973883e+00 1.465700233379e+00 8.174324715988e-01 3.662786851787e-01
 3.513534896143e-02 3.468965605451e-02 3.314863362560e-02 3.186801715592e-02 3.470743199269e-02 5.557427578304e-02 1.643176946520e-01 2.094369061241e-01 2.234182053373e-01 2.366281260000e-01 1.012583705812e-01 2.175729014845e-01 5.022619145797e-01 8.208355222198e-01 4.376688103218e-01 7.684168899730e-02 4.042944202042e-02 1.261505092429e-01 2.591043499828e-01 2.182519359962e-01 1.873424303192e-01 2.332488932310e-01 2.347347133578e-01 3.996645104284e-01 6.764619442276e-01 1.066346077469e+00 1.511395478096e+00 1.928609619273e+00 2.178990697830e+00 1.991771079735e+00 1.453416158194e+00 8.128775100368e-01 3.680171302962e-01
 3.800629006836e-02 3.751277291787e-02 3.485738821314e-02 3.090568972088e-02 2.981933210783e-02 4.971090074175e-02 6.260924347578e-02 5.495301379571e-02 5.785580067809e-02 7.792650540999e-02 4.722937426533e-02 2.030530545470e-01 1.496599071561e-01 3.987290364839e-01 1.208620166787e-01 2.015079294149e-01 1.419726149074e+00 4.373918475519e-01 1.951164289825e-01 4.654035577268e-01 1.790109042252e-01 2.289136615927e-01 2.785509385531e-01 3.971967311249e-01 6.588341888776e-01 1.043069362408e+00 1.487088564461e+00 1.904740749660e+00 2.157935357545e+00 1.975776588258e+00 1.443636214218e+00 8.092319418644e-01 3.692337521197e-01
 4.069179410076e-02 4.034370422331e-02 3.667599623091e-02 2.991260489618e-02 3.007549955129e-02 5.534435074071e-02 1.389805565062e-02 1.112290904638e-02 1.433293190036e-02 2.056002240662e-02 5.203291276131e-01 1.341799796552e-01 7.854173368073e-02 8.292415766647e-02 8.135895917182e-02 1.445965564927e+00 7.237576503843e-01 1.836299489888e+00 3.593676382919e-01 1.783439215902e-01 1.307346851008e-01 2.021844806383e-01 3.624574720980e-01 5.341580934819e-01 6.754812607339e-01 1.029651777941e+00 1.467727743442e+00 1.885500575029e+00 2.141687220589e+00 1.963878077496e+00 1.436513352501e+00 8.065140330612e-01 3.698682746292e-01
 4.304489322298e-02 4.319528565528e-02 3.886361007656e-02 2.797289746726e-02 2.870688231019e-02 2.008696730137e-01 4.609951150428e-02 9.699296404754e-03 9.356989655442e-03 1.011391375068e-02 1.117037985837e-03 4.342800609322e-02 4.626203792292e-02 5.145400835181e-02 7.848892880501e-02 3.570112903712e-01 1.779584969368e+00 7.704495329169e-01 3.743581249092e-01 2.466586989794e-01 1.412137977360e-01 2.881461499114e-01 6.464788946421e-01 5.362951985595e-01 6.820233181861e-01 1.019495845343e+00 1.452538630965e+00 1.871122457711e+00 2.130596448153e+00 1.956335356083e+00 1.432163304242e+00 8.047509206817e-01 3.698695885911e-01
 4.490999247961e-02 4.622153887652e-02 4.324809310535e-02 3.256426793454e-02 1.388360227670e-02 9.222849199445e-02 3.014068816455e-02 1.286200464367e-02 1.607006358805e-02 3.849646471421e-02 1.561345981495e-01 7.265996275120e-02 5.953031007388e-02 7.140743899213e-02 8.256811330047e-02 2.247450870256e-01 5.793641904766e-01 6.087183421828e-01 4.744874178640e-01 3.190979011019e-01 3.948160623676e-01 6.987988616146e-01 4.822757981508e-01 5.012395486566e-01 6.704558221061e-01 1.007527423764e+00 1.440540649283e+00 1.861792222240e+00 2.124997320406e+00 1.953358771281e+00 1.430692348543e+00 8.039478936805e-01 3.692140960002e-01
 4.603972888748e-02 4.905611809294e-02 4.950579191975e-02 4.556483281679e-02 3.395457019248e-02 1.758511345650e-02 2.145367041101e-02 2.445392985045e-02 2.742387953195e-02 1.824517488408e-01 9.857175975201e-02 1.063886526889e-01 1.785977399708e-01 2.902968174721e-01 2.349010264404e-01 2.417005832981e-01 5.994399298692e-01 4.632991450093e-01 5.391875283605e-01 4.835342287445e-01 4.674852018768e-01 3.611909662079e-01 3.574057692324e-01 4.570584543267e-01 6.495858617038e-01 9.941823124904e-01 1.431946797122e+00 1.857974667625e+00 2.125241195462e+00 1.955147023519e+00 1.432168533591e+00 8.041238014888e-01 3.678978507747e-01
 4.612581762404e-02 5.080922091125e-02 5.496064493532e-02 5.874981952487e-02 6.264710742460e-02 6.722599175345e-02 7.427588614233e-02 9.864201688658e-02 9.933268283540e-02 1.055131044098e-01 1.076525627124e-01 3.003824834732e-01 4.377116431804e-01 1.800517857985e+00 6.760227404180e-01 1.002854937822e+00 6.844067251324e-01 7.999908659142e-01 9.944466312076e-01 7.978039698917e-01 5.108076644050e-01 3.507357315567e-01 3.346125802507e-01 4.372799240506e-01 6.340012700181e-01 9.840531873595e-01 1.428479017716e+00 1.860550380653e+00 2.131740874741e+00 1.961854664176e+00 1.436642204729e+00 8.052915629369e-01 3.659371370348e-01
 4.495124372724e-02 5.072024340929e-02 5.745299912595e-02 6.671034678244e-02 8.256469552151e-02 1.111804060012e-01 1.656594035297e-01 2.431083594632e-01 2.201664985581e-01 1.553010909789e-01 1.120284743889e-01 1.717864031044e-01 5.182671910658e-01 8.311718683220e-01 9.885591518265e-01 6.829704373456e-01 9.067714156906e-01 1.486354851638e+00 2.338449208758e+00 2.394031198644e+00 1.657457306241e+00 6.881942050272e-01 4.510197287235e-01 4.694393853546e-01 6.386800871758e-01 9.835712788581e-01 1.432898226598e+00 1.870727579105e+00 2.144931368037e+00 1.973612014955e+00 1.444120271977e+00 8.074563748448e-01 3.633766518289e-01
 4.251258621331e-02 4.853456570775e-02 5.611507517668e-02 6.698348428338e-02 8.552752263709e-02 1.169941498689e-01 1.694773682613e-01 2.305574245773e-01 2.098841858523e-01 1.672815623598e-01 7.926071941841e-02 9.110826244998e-02 2.614568871675e-01 5.111744209473e-01 6.395853179890e-01 5.275788588613e-01 1.196235683537e+00 2.774267159920e+00 4.028354063154e+00 2.422914982773e+00 2.570861572317e+00 1.811624374704e+00 7.918460854949e-01 5.806084514933e-01 6.755212418522e-01 9.986017570197e-01 1.448098572722e+00 1.889752160374e+00 2.165165073008e+00 1.990440234280e+00 1.454569913493e+00 8.106108858910e-01 3.602748581452e-01
 3.904718131892e-02 4.460881498973e-02 5.173565441652e-02 6.172198332385e-02 7.796504834386e-02 1.043223163636e-01 1.486795249787e-01 2.102587872147e-01 1.813275343051e-01 1.011197527386e-01 2.949405851312e-02 3.911454132383e-02 2.661066218941e-01 1.051117708401e+00 1.878374710779e-01 2.903940167125e-01 1.292158923117e+00 4.439851786844e+00 3.171768031183e+00 4.051928810399e+00 2.012006038894e+00 1.717194051992e+00 1.384082086078e+00 7.635613440902e-01 7.428046897053e-01 1.031408790876e+00 1.476024416852e+00 1.918503513259e+00 2.192607726896e+00 2.012256624485e+00 1.467878527314e+00 8.147388637864e-01 3.567048730064e-01
 3.494603280453e-02 3.961987776733e-02 4.575653872105e-02 5.424017795023e-02 6.741685122503e-02 8.717857098429e-02 1.152114572358e-01 1.217122406337e-01 9.344859114238e-02 6.153622902340e-02 4.228966525617e-02 3.170788140301e-02 6.828915605598e-02 1.580703737433e-01 2.295475854459e-01 8.173982370405e-01 2.061055400568e+00 5.074035015629e+00 3.590957259501e+00 3.963441473768e+00 2.500635736834e+00 2.238636375899e+00 1.771727995387e+00 8.983857301181e-01 8.128772347922e-01 1.078521776189e+00 1.516793652748e+00 1.957129856518e+00 2.227082570153e+00 2.038799818689e+00 1.483860969253e+00 8.197804979044e-01 3.527482021948e-01
 3.063481028602e-02 3.423733513312e-02 3.939924636844e-02 4.718504703641e-02 6.109532250524e-02 8.868042035640e-02 1.720677273678e-01 8.886634801649e-02 3.437174686254e-02 1.251315200794e-01 1.876898929494e-01 5.300007069773e-02 4.066811715948e-02 6.056323452860e-02 1.463290777108e-01 6.956041395334e-01 1.268330990884e+00 4.790584818735e+00 6.334374808104e+00 2.637610355850e+00 4.875833092977e+00 2.555181272477e+00 1.284888929799e+00 8.566292008247e-01 8.549357385879e-01 1.132983344440e+00 1.568536205849e+00 2.004832363650e+00 2.268007392463e+00 2.069606524828e+00 1.502238331165e+00 8.256494956264e-01 3.484902743604e-01
 2.649004315967e-02 2.895958621670e-02 3.327606740531e-02 4.134317254136e-02 6.250046323374e-02 1.522209655974e-01 8.682422233969e-02 4.367957990854e-02 3.786276189388e-02 2.159875115967e-01 2.251306422644e-01 4.179032527215e-02 3.006665116141e-02 3.376568330478e-02 9.611969380671e-02 4.914038195901e-01 3.977806203673e+00 2.284460392595e+00 3.321150937341e+00 5.217185890804e+00 2.759960246624e+00 1.444558069648e+00 9.330111840541e-01 7.959533267932e-01 8.875640870386e-01 1.192153582806e+00 1.628568245291e+00 2.060004274281e+00 2.314390023536e+00 2.104020703435e+00 1.522616646800e+00 8.322221784682e-01 3.440100252748e-01
 2.280118719929e-02 2.410660544898e-02 2.743941838206e-02 3.473132402102e-02 5.248269804800e-02 9.074204915464e-02 1.873241192411e-02 1.270475098683e-02 2.020852353666e-02 2.326161210435e-01 6.584727546845e-01 7.442010813574e-02 4.551746877311e-02 4.015598994567e-02 7.307651480605e-02 2.332542388916e-01 1.046229521658e+00 7.858817552303e-01 1.138687430216e+00 1.435559823391e+00 1.091661255736e+00 8.175517643138e-01 7.161005250365e-01 7.613383025187e-01 9.243118675022e-01 1.255101314477e+00 1.694076494184e+00 2.120565230181e+00 2.364900429361e+00 2.141179899269e+00 1.544522480116e+00 8.393291606110e-01 3.393764449157e-01
 1.976025657335e-02 1.989478812590e-02 2.202559041419e-02 2.772444513422e-02 4.164631951427e-02 7.349293685074e-02 2.505743245502e-02 1.129751632563e-02 1.270316845645e-02 1.034403876584e-01 5.702727055757e-01 1.287505667206e-01 1.329826631321e-01 1.225500740798e-01 1.804640667185e-01 3.537871130092e-01 4.663234892268e-01 4.364018422103e-01 5.023299590405e-01 5.658371983118e-01 5.556738374754e-01 5.687700584618e-01 6.346506604108e-01 7.685204970866e-01 9.723821265619e-01 1.321294725261e+00 1.762523533773e+00 2.184251530823e+00 2.417981778600e+00 2.180091363284e+00 1.567395689547e+00 8.467673587356e-01 3.346505265322e-01
 1.746476082922e-02 1.647647129226e-02 1.728142996530e-02 2.078835405809e-02 2.832643215946e-02 3.767236831170e-02 4.812148551169e-02 3.613794086083e-02 4.645681416457e-02 8.287764968025e-02 3.300084315665e-01 5.919759587972e-01 7.647940232915e-01 8.993466642209e-01 6.103442436067e-01 5.798744744368e-01 4.134776686476e-01 3.986917830975e-01 3.897590792187e-01 3.947345129196e-01 4.368441197509e-01 5.294879900912e-01 6.519204333381e-01 8.154248519657e-01 1.033709923231e+00 1.389993591823e+00 1.831642288806e+00 2.248806792772e+00 2.471974988397e+00 2.219655469418e+00 1.590608961325e+00 8.542982259773e-01 3.298744970481e-01
 1.592464557842e-02 1.394195907413e-02 1.356731991899e-02 1.555110549337e-02 2.208060376549e-02 4.675058832010e-02 2.690090081862e-02 4.836859313135e-02 7.365144969635e-02 6.350975361704e-02 1.645212383880e-01 2.348230810700e-01 5.657730171169e-01 4.205619808860e-01 5.344385160037e-01 3.702380093808e-01 4.837603469847e-01 6.161666627599e-01 5.851689882026e-01 5.623204678494e-01 5.711764121539e-01 6.893074144942e-01 7.830252316649e-01 9.114523330597e-01 1.111534955698e+00 1.460463400659e+00 1.899324431762e+00 2.312052527971e+00 2.525189248260e+00 2.258722264809e+00 1.613502222639e+00 8.616667852567e-01 3.250807885453e-01
 1.507113893845e-02 1.227532717418e-02 1.093311920393e-02 1.159844596037e-02 1.517915217141e-02 2.434294766857e-02 1.761096545649e-02 1.761370601145e-02 2.058535212403e-02 2.770575057078e-02 9.478597397880e-02 1.022112960341e-01 1.850219081521e-01 2.132030684693e-01 2.334472775379e-01 5.282417010859e-01 1.206615965696e+00 2.123154288079e+00 1.475117296942e+00 1.381843996275e+00 1.173570269938e+00 1.565611462987e+00 1.191661539733e+00 1.100640709399e+00 1.213160435439e+00 1.531135425121e+00 1.963241114431e+00 2.371885625110e+00 2.575964720039e+00 2.296147831924e+00 1.635415073337e+00 8.685960895978e-01 3.202872306446e-01
 1.477616027261e-02 1.137259863438e-02 9.322581922062e-03 9.223056486827e-03 1.193232510445e-02 1.792916644749e-02 1.023616229628e-02 1.147735430884e-02 1.313812218352e-02 2.320914550686e-02 9.438255381862e-02 2.409576719302e-02 3.024143298966e-02 5.312705429541e-02 1.084835799611e-01 1.215969111011e+00 1.336662174885e+01 1.311694087262e+00 2.610145012847e+00 3.192630556810e+00 1.144729140854e+00 1.085438912619e+00 2.912209818661e+00 1.475054234403e+00 1.331168711523e+00 1.595119626301e+00 2.020303463603e+00 2.426219499467e+00 2.622735606533e+00 2.330831017955e+00 1.655690800625e+00 8.748248096834e-01 3.155047284262e-01

